1.000000
3.000000
11.000000
35.000000
108.000000
100.000000
96.000000
291.000000
306.000000
287.000000
857.000000
853.000000
857.000000
856.000000
852.000000
2520.000000
2549.000000
2574.000000
2519.000000
2535.000000
2537.000000
2518.000000
2557.000000
7905.000000
7732.000000
7608.000000
7674.000000
7719.000000
7559.000000
7561.000000
7697.000000
7646.000000
7647.000000
7648.000000
7691.000000
23099.000000
23167.000000
23003.000000
23126.000000
23232.000000
23057.000000
23186.000000
35583.000000
23335.000000
23117.000000
22803.000000
23321.000000
27148.000000
23394.000000
23324.000000
23137.000000
23279.000000
