5.000000
14.000000
51.000000
134.000000
394.000000
387.000000
393.000000
1181.000000
1180.000000
1172.000000
3453.000000
3442.000000
3470.000000
3454.000000
3429.000000
10242.000000
10246.000000
10279.000000
10386.000000
10386.000000
10237.000000
10259.000000
10420.000000
31143.000000
31090.000000
30906.000000
30810.000000
31178.000000
30902.000000
31494.000000
31301.000000
31271.000000
31321.000000
31262.000000
31433.000000
92510.000000
92810.000000
93115.000000
92501.000000
93043.000000
93001.000000
94295.000000
94603.000000
93873.000000
94041.000000
94944.000000
95071.000000
95011.000000
94276.000000
94079.000000
94821.000000
95940.000000
